kgsf: 0.12091898428053205
revcore: 0.11608222490931076
ours: 0.1825876662636034
